Begin()
Delay(1)
MoveJoint(89.209,-35.021,174.356,-1.463,-28.645,85.972,t=4)
Delay(1)
Gripper(255,20,120)
Delay(2)
MoveCart(-40.499,298.455,131.712,6.081,-0.739,-179.276)
MoveJoint(15.478,-56.126,178.673,-0.928,-54.084,85.5)
Delay(1)
Gripper(0,100,120)
MoveJoint(89.033,-49.402,174.486,-1.027,-43.341,85.596)
MoveCart(-41.535,300.316,17.635,6.141,-0.686,-179.224)
Delay(1)
Gripper(255,100,1000)
Delay(1)
MoveCart(-40.499,298.455,131.712,6.081,-0.739,-179.276)
MoveJoint(15.478,-56.126,178.673,-0.928,-54.084,85.5)
Gripper(0,100,100)
Delay(1)

End()




